eval_loss = 0.06560825556516647
eval_accuracy_score = 0.9916478801902814
eval_precision = 0.9174872665534805
eval_recall = 0.9204564810083461
eval_f1 = 0.9189694753847462
eval_runtime = 79.9718
eval_samples_per_second = 73.826
epoch = 10.0
eval_mem_cpu_alloc_delta = 57492083
eval_mem_gpu_alloc_delta = 0
eval_mem_cpu_peaked_delta = 8944477
eval_mem_gpu_peaked_delta = 4483731968
